nan
16.0
40.0
29.0
19.0
22.0
12.0
10.0
22.0
40.0
14.0
14.0
12.0
22.0
25.0
18.0
21.0
22.0
12.0
19.0
21.0
18.0
8.0
17.0
13.0
20.0
29.0
28.0
15.0
15.0
5.0
15.0
24.0
18.0
20.0
18.0
20.0
25.0
nan
10.0
9.0
15.0
20.0
14.0
19.0
8.0
6.0
19.0
14.0
23.0
18.0
24.0
7.0
24.0
23.0
19.0
-1.0
18.0
14.0
14.0
22.0
16.0
13.0
21.0
9.0
19.0
nan
17.0
10.0
32.0
11.0
10.0
17.0
9.0
9.0
20.0
17.0
16.0
11.0
15.0
14.0
12.0
18.0
13.0
11.0
35.0
28.0
12.0
28.0
15.0
16.0
25.0
13.0
15.0
14.0
19.0
24.0
25.0
17.0
20.0
19.0
8.0
16.0
14.0
14.0
14.0
28.0
10.0
25.0
16.0
11.0
9.0
11.0
18.0
22.0
35.0
16.0
9.0
10.0
14.0
19.0
15.0
25.0
16.0
16.0
8.0
15.0
9.0
22.0
21.0
13.0
30.0
10.0
22.0
12.0
9.0
12.0
11.0
11.0
23.0
13.0
15.0
36.0
14.0
15.0
24.0
9.0
11.0
14.0
8.0
8.0
12.0
5.0
